_vecProbxExpTotal =

   32
   85
   29
   40

_vecProbxExpTotal =

   32   38
   85   20
   29   37
   40   25

_vecProbxExpTotal =

    32    38     1
    85    20   283
    29    37     0
    40    25     1

_vecProbxExpTotal =

    32    38     1    33
    85    20   283    45
    29    37     0    31
    40    25     1    25

_vecProbxExpTotal =

    32    38     1    33    23
    85    20   283    45    20
    29    37     0    31    40
    40    25     1    25    28

_vecProbxExpTotal =

    32    38     1    33    23    37
    85    20   283    45    20    17
    29    37     0    31    40    37
    40    25     1    25    28    28

_vecProbxExpTotal =

    32    38     1    33    23    37    21
    85    20   283    45    20    17   208
    29    37     0    31    40    37     6
    40    25     1    25    28    28    23

_vecProbxExpTotal =

    32    38     1    33    23    37    21    30
    85    20   283    45    20    17   208   132
    29    37     0    31    40    37     6    15
    40    25     1    25    28    28    23    38

_vecProbxExpTotal =

    32    38     1    33    23    37    21    30    25
    85    20   283    45    20    17   208   132   183
    29    37     0    31    40    37     6    15     7
    40    25     1    25    28    28    23    38    32

_vecProbxExpTotal =

    32    38     1    33    23    37    21    30    25     1
    85    20   283    45    20    17   208   132   183   283
    29    37     0    31    40    37     6    15     7     0
    40    25     1    25    28    28    23    38    32     1

_vecProbxExpTotal =

    32    38     1    33    23    37    21    30    25     1    46
    85    20   283    45    20    17   208   132   183   283   101
    29    37     0    31    40    37     6    15     7     0    16
    40    25     1    25    28    28    23    38    32     1    43

_vecProbxExpTotal =

    32    38     1    33    23    37    21    30    25     1    46     8
    85    20   283    45    20    17   208   132   183   283   101   260
    29    37     0    31    40    37     6    15     7     0    16     1
    40    25     1    25    28    28    23    38    32     1    43     9

