# Created by Octave 4.2.1, Tue Sep 12 11:40:17 2017 ART <guille@iibm>
# name: mediaXsujeto_T2
# type: matrix
# rows: 1
# columns: 12
 0.6799999999999999 0.4166666666666667 0.9965517241379309 0.4613793103448276 0.3864367816091954 0.4110344827586207 0.8866666666666667 0.7522988505747128 0.861609195402299 0.9966666666666667 0.7160919540229885 0.9663218390804598


# name: timeOutMedia_T2
# type: matrix
# rows: 1
# columns: 12
 211.6 246.1931034482758 150.8275862068966 237.9172413793103 246.9655172413793 248.7586206896552 174.4 195.8206896551724 179.5172413793103 150.8 207.3379310344828 157.6689655172414


# name: foodMedia_T2
# type: matrix
# rows: 1
# columns: 12
 0.8833333333333334 0.735632183908046 1 0.7154022988505747 0.6316091954022988 0.6850574712643678 0.9766666666666668 0.9364367816091954 0.9691954022988506 1 0.95 0.9965517241379309


# name: promediosC_T2
# type: matrix
# rows: 50
# columns: 12
 0.7333333333333333 0.1851851851851852 0.3448275862068966 0.3448275862068966 0.6 0.5517241379310345 0.4666666666666667 0.4137931034482759 0.5172413793103449 0.4666666666666667 0.3793103448275862 0.1428571428571428
 0.6 0.3 0.07142857142857142 0.32 0.6333333333333333 0.4333333333333333 0.5333333333333333 0.4482758620689655 0.4074074074074074 0.3333333333333333 0.6333333333333333 0.5
 0.4666666666666667 0.3 0.3666666666666666 0.2 0.6333333333333333 0.6333333333333333 0.8 0.3333333333333333 0.5666666666666667 0.5909090909090909 0.6206896551724138 0.5333333333333333
 0.5 0.2 0.7 0.4666666666666667 0.8 0.7 0.6333333333333333 0.3333333333333333 0.3666666666666666 0.5172413793103449 0.3 0.7333333333333333
 0.6333333333333333 0.3103448275862069 0.6 0.4137931034482759 0.9333333333333333 0.7931034482758621 0.9333333333333333 0.3 0.3 0.6333333333333333 0.4666666666666667 0.5666666666666667
 0.7 0.4666666666666667 0.8666666666666667 0.6 0.9666666666666667 0.9 0.9666666666666667 0.3666666666666666 0.1481481481481481 0.3666666666666666 0.6 0.5666666666666667
 0.7333333333333333 0.6 0.9310344827586207 0.4333333333333333 0.9666666666666667 0.8666666666666667 0.7333333333333333 0.3666666666666666 0.1 0.3666666666666666 0.5333333333333333 0.7666666666666667
 0.5 0.6 1 0.4666666666666667 1 0.9 0.9 0.2333333333333333 0.2333333333333333 0.4137931034482759 0.5333333333333333 0.9
 0.8 0.7333333333333333 0.9655172413793104 0.3666666666666666 0.9333333333333333 0.8 0.9655172413793104 0.1333333333333333 0.3 0.7931034482758621 0.5666666666666667 0.9333333333333333
 0.6666666666666666 0.6333333333333333 0.9666666666666667 0.3666666666666666 0.8333333333333334 0.6896551724137931 0.8666666666666667 0.2333333333333333 0.5517241379310345 0.896551724137931 0.6666666666666666 0.9333333333333333
 0.8666666666666667 0.5862068965517241 1 0.3333333333333333 0.9 0.8666666666666667 0.896551724137931 0.2 0.7 0.9 0.5333333333333333 0.8
 0.7333333333333333 0.4666666666666667 1 0.1666666666666667 0.8666666666666667 0.7666666666666667 1 0.4827586206896552 0.6071428571428571 0.7142857142857143 0.7 0.9
 0.7333333333333333 0.8 1 0.2 0.4137931034482759 0.7 0.9666666666666667 0.4666666666666667 0.6333333333333333 0.8 0.5862068965517241 0.8666666666666667
 0.8 0.5333333333333333 1 0.6 0.4666666666666667 0.7333333333333333 0.9333333333333333 0.2758620689655172 0.375 0.6666666666666666 0.7666666666666667 1
 0.7333333333333333 0.5517241379310345 1 0.4666666666666667 0.4333333333333333 0.7333333333333333 0.7666666666666667 0.5 0.7241379310344828 0.9 0.6 0.9
 0.6333333333333333 0.7 1 0.5 0.4482758620689655 0.7 0.9 0.3448275862068966 0.7666666666666667 0.896551724137931 0.5 0.9666666666666667
 0.4333333333333333 0.7 1 0.4137931034482759 0.4 0.6666666666666666 0.7333333333333333 0.4333333333333333 0.5 0.9655172413793104 0.8333333333333334 0.9333333333333333
 0.6666666666666666 0.7 1 0.8 0.2666666666666667 0.5666666666666667 0.7666666666666667 0.3666666666666666 0.7333333333333333 0.9 0.7333333333333333 1
 0.6 0.5517241379310345 1 0.5 0.1666666666666667 0.7241379310344828 1 0.3 0.7333333333333333 1 0.7 1
 0.7333333333333333 0.6666666666666666 1 0.5333333333333333 0.3666666666666666 0.4666666666666667 0.9333333333333333 0.5862068965517241 0.7666666666666667 1 0.7 1
 0.7333333333333333 0.6666666666666666 0.9655172413793104 0.3666666666666666 0.4827586206896552 0.5 0.9 0.4666666666666667 0.6666666666666666 0.9666666666666667 0.7586206896551724 0.9666666666666667
 0 0.6333333333333333 1 0.2333333333333333 0.4333333333333333 0.6333333333333333 0.9333333333333333 0.7333333333333333 0.7241379310344828 1 0.7333333333333333 0.896551724137931
 0 0.5666666666666667 1 0.2 0.4 0.3666666666666666 1 0.7241379310344828 0.8 1 0.8 1
 0 0.5172413793103449 0 0 0 0.5333333333333333 0 0.6 0.7586206896551724 1 0.8333333333333334 0
 0 0.4333333333333333 0 0 0 0.4 0 0.6896551724137931 0.9333333333333333 1 0.7 0
 0 0.4827586206896552 0 0 0 0.4333333333333333 0 0.8333333333333334 0.9666666666666667 1 0.7 0
 0 0.5 0 0 0 0.3666666666666666 0 0.7333333333333333 0.9666666666666667 1 0.9333333333333333 0
 0 0.5 0 0 0 0.4666666666666667 0 0.7666666666666667 0.9 1 0.6 0
 0 0.3666666666666666 0 0 0 0.3333333333333333 0 0.6333333333333333 0.9 1 0.6333333333333333 0
 0 0.3333333333333333 0 0 0 0.3103448275862069 0 0.8333333333333334 0.8333333333333334 0 0.6 0
 0 0.3666666666666666 0 0 0 0.2666666666666667 0 0.6551724137931034 0.8333333333333334 0 0.8275862068965517 0
 0 0.3333333333333333 0 0 0 0 0 0.5333333333333333 0 0 0.7 0
 0 0.3333333333333333 0 0 0 0 0 0.7333333333333333 0 0 0.6333333333333333 0
 0 0 0 0 0 0 0 0.6666666666666666 0 0 0 0
 0 0 0 0 0 0 0 0.6333333333333333 0 0 0 0
 0 0 0 0 0 0 0 0.6333333333333333 0 0 0 0
 0 0 0 0 0 0 0 0.6896551724137931 0 0 0 0
 0 0 0 0 0 0 0 0.7 0 0 0 0
 0 0 0 0 0 0 0 0.8 0 0 0 0
 0 0 0 0 0 0 0 0.8333333333333334 0 0 0 0
 0 0 0 0 0 0 0 0.8 0 0 0 0
 0 0 0 0 0 0 0 0.7 0 0 0 0
 0 0 0 0 0 0 0 0.7333333333333333 0 0 0 0
 0 0 0 0 0 0 0 0.8333333333333334 0 0 0 0
 0 0 0 0 0 0 0 0.6 0 0 0 0
 0 0 0 0 0 0 0 0.7333333333333333 0 0 0 0
 0 0 0 0 0 0 0 0.8666666666666667 0 0 0 0
 0 0 0 0 0 0 0 0.6896551724137931 0 0 0 0
 0 0 0 0 0 0 0 0.8333333333333334 0 0 0 0
 0 0 0 0 0 0 0 0.7333333333333333 0 0 0 0


# name: timeOutSem_T2
# type: matrix
# rows: 1
# columns: 12
 0.04477653706579963 0.02782157994477909 0.006896551724137914 0.05613156275886087 0.02936276083484578 0.03471822542725508 0.05269291422835283 0.03438163119265792 0.04113344010525877 0.006666666666666691 0.05319907850037443 0.02484413619906389


# name: foodSem_T2
# type: matrix
# rows: 1
# columns: 12
 0.02446968393949477 0.03120289200472878 0 0.06329687453794529 0.04694643691913101 0.03669210054043342 0.0099999999999994 0.01682079610928467 0.01579715370960616 0 0.0113855008510652 0.003448275862070384


# name: timeOut_T2
# type: matrix
# rows: 50
# columns: 12
 190.0000000000001 261.1111111111111 257.5862068965517 245.1724137931035 226 220.3448275862069 242 245.1724137931035 236.8965517241379 242 245.1724137931035 257.1428571428571
 218 242 265.7142857142857 255.6 218 234 230 245.1724137931034 247.7777777777777 245 210 246
 234 250 250 266 214 214 190 250 238 220.9090909090909 212.0689655172414 230
 246 254.0000000000001 202 232.7586206896551 190 210 218 258.0000000000001 246 228.6206896551724 258 194
 214 245.1724137931035 214 232.7586206896552 166 187.2413793103449 166 254 254 218 238 206
 210 226 178 222 158 166 158 254 261.1111111111111 254 218 230
 206 214 166.5517241379311 234 158 178 198 246 266 250 222 194
 230 218 150 234 150 170 174 258.0000000000001 262 249.3103448275861 230 174
 194 194 158.2758620689655 250 166 198 158.2758620689655 270 258 195.5172413793104 230 166
 210 210 158 254 190.0000000000001 207.9310344827586 170 262 228.6206896551724 166.5517241379311 214 166
 182 212.0689655172414 150 250 174 182 174.8275862068966 262 202 174 226 186
 210 238 150 255 174 191.3793103448276 150 241.0344827586207 222.8571428571428 205.7142857142857 202 170
 206 182 150 270 257.5862068965518 210 158 234 218 194 220.3448275862069 182
 190 218 150 226 254 202 166 253.448275862069 255 207.7777777777778 202 150
 206 220.3448275862069 150 238 238 206 198.0000000000001 238 207.9310344827586 174 226 174
 214 206 150 230 241.0344827586207 206 174 249.3103448275862 202 170.6896551724138 234 158
 254 206 150 245.1724137931035 250 210 206 242 230 158.2758620689655 186 166
 206 218 150 190 262 230 198.0000000000001 250 210 174 210 150
 222 228.6206896551724 150 238 262 203.7931034482758 150 250 194 150 210 150
 206 218 150 234 254 254 166 216.2068965517241 202 150 214 150
 202 222 158.2758620689655 250 228.6206896551724 234 174 242 218 158 203.7931034482758 158
 0 218 150 266 238 222 162 202 199.6551724137931 150 210 170.6896551724138
 0 226 150 262 242 258 150 212.0689655172414 194 150 186 150
 0 236.8965517241379 0 0 0 230 0 230 195.5172413793103 150 186 0
 0 234 0 0 0 250 0 212.0689655172414 166 150 210 0
 0 241.0344827586207 0 0 0 242 0 182 158 150 210 0
 0 230 0 0 0 258 0 202 158 150 166 0
 0 246 0 0 0 258 0 198.0000000000001 174 150 226 0
 0 254 0 0 0 254 0 226 174 150 222 0
 0 258 0 0 0 257.5862068965517 0 190.0000000000001 186 0 230 0
 0 250 0 0 0 258 0 207.9310344827586 190.0000000000001 0 191.3793103448276 0
 0 250 0 0 0 0 0 230 0 0 214 0
 0 262 0 0 0 0 0 210 0 0 218 0
 0 0 0 0 0 0 0 214 0 0 0 0
 0 0 0 0 0 0 0 222 0 0 0 0
 0 0 0 0 0 0 0 214 0 0 0 0
 0 0 0 0 0 0 0 199.6551724137931 0 0 0 0
 0 0 0 0 0 0 0 206 0 0 0 0
 0 0 0 0 0 0 0 174 0 0 0 0
 0 0 0 0 0 0 0 186 0 0 0 0
 0 0 0 0 0 0 0 190 0 0 0 0
 0 0 0 0 0 0 0 202 0 0 0 0
 0 0 0 0 0 0 0 198.0000000000001 0 0 0 0
 0 0 0 0 0 0 0 178 0 0 0 0
 0 0 0 0 0 0 0 210 0 0 0 0
 0 0 0 0 0 0 0 194 0 0 0 0
 0 0 0 0 0 0 0 178 0 0 0 0
 0 0 0 0 0 0 0 216.2068965517241 0 0 0 0
 0 0 0 0 0 0 0 186 0 0 0 0
 0 0 0 0 0 0 0 206 0 0 0 0


# name: food_T2
# type: matrix
# rows: 50
# columns: 12
 0.9000000000000001 0.4074074074074074 0.5862068965517241 0.5862068965517241 0.8333333333333333 0.7931034482758621 0.7 0.6206896551724139 0.8620689655172414 0.8 0.6551724137931035 0.2857142857142857
 0.7666666666666668 0.4666666666666667 0.1071428571428571 0.52 0.8333333333333334 0.6666666666666667 0.8333333333333333 0.689655172413793 0.7407407407407406 0.5833333333333334 0.8666666666666667 0.8
 0.7333333333333334 0.5333333333333333 0.6666666666666666 0.4666666666666667 0.8 0.8 0.9333333333333335 0.6 0.8666666666666667 0.7727272727272727 0.8620689655172415 0.7333333333333334
 0.8 0.3666666666666668 0.8333333333333335 0.6896551724137931 0.9333333333333335 0.9 0.8333333333333334 0.5666666666666667 0.6333333333333333 0.7931034482758621 0.6 0.9333333333333335
 0.8 0.4137931034482759 0.8333333333333335 0.6206896551724137 1 0.896551724137931 1 0.5666666666666667 0.5666666666666667 0.8333333333333334 0.7666666666666666 0.7
 0.9 0.6666666666666666 0.9666666666666668 0.8999999999999999 1 1.033333333333333 1 0.7 0.3333333333333334 0.6 0.7666666666666668 0.8999999999999999
 0.9333333333333333 0.8333333333333335 1 0.6666666666666667 1 0.9666666666666668 0.8666666666666668 0.6333333333333333 0.2666666666666667 0.6666666666666666 0.7666666666666668 0.9000000000000001
 0.7666666666666666 0.7666666666666668 1 0.7333333333333334 1 0.9666666666666667 1 0.4666666666666668 0.5 0.6551724137931034 0.7333333333333334 1
 0.9666666666666668 0.9333333333333335 1 0.6666666666666666 1 1 1 0.2666666666666667 0.5 0.9655172413793104 0.8999999999999999 1
 0.9333333333333333 0.8666666666666667 1 0.6 1 0.8620689655172414 1 0.5 0.7586206896551725 1.03448275862069 0.8666666666666667 1
 1 0.7931034482758621 1 0.6 1 1 1 0.3333333333333333 0.9333333333333333 1 0.8 0.9000000000000001
 0.9666666666666667 0.6666666666666667 1 0.3333333333333333 1.033333333333333 0.9655172413793104 1 0.8275862068965518 0.8214285714285714 0.892857142857143 0.9333333333333333 0.9666666666666667
 0.9333333333333333 0.9666666666666668 1 0.4 0.6206896551724139 0.9 1 0.7333333333333334 0.8333333333333334 0.9666666666666668 0.8620689655172415 1
 0.9333333333333335 0.7333333333333334 1 0.9333333333333333 0.7999999999999999 1 1 0.5172413793103449 0.625 0.8148148148148149 0.9666666666666667 1
 0.9333333333333333 0.7931034482758621 1 0.7666666666666666 0.7 0.9333333333333333 0.9333333333333335 0.7333333333333334 0.9310344827586208 1 0.9333333333333333 1
 0.8 0.9666666666666667 1 0.6666666666666667 0.7586206896551723 0.8666666666666668 1 0.6206896551724137 0.9666666666666667 0.9655172413793103 0.8 1
 0.7333333333333333 0.9666666666666667 1 0.6206896551724139 0.6333333333333333 0.9333333333333333 0.9333333333333333 0.7333333333333334 0.6666666666666667 1 0.9666666666666668 1
 0.9000000000000001 0.9666666666666667 1 1.033333333333333 0.5666666666666667 0.8999999999999999 0.9333333333333335 0.5666666666666667 0.9666666666666667 1 0.9666666666666667 1
 0.8 0.7586206896551725 1 0.8333333333333333 0.2666666666666667 0.9999999999999999 1 0.5333333333333333 0.9333333333333335 1 1 1
 0.9333333333333333 0.9 1 0.7666666666666666 0.6 0.7999999999999999 1 0.8275862068965517 0.9666666666666667 1 1.033333333333333 1
 0.9000000000000001 0.9333333333333333 1 0.6666666666666666 0.7241379310344828 0.7 1 0.8 0.9 1 0.9655172413793103 1
 0 0.8333333333333334 1 0.5333333333333333 0.6 0.8666666666666667 0.9666666666666667 0.9000000000000001 0.8620689655172415 1 0.9666666666666667 0.9655172413793103
 0 0.8666666666666667 1 0.3333333333333333 0.6666666666666667 0.7333333333333333 1 0.9655172413793105 0.9666666666666668 1 1 1
 0 0.8620689655172414 0 0 0 0.7333333333333334 0 0.8666666666666667 0.896551724137931 1 0.9666666666666668 0
 0 0.6666666666666667 0 0 0 0.6333333333333333 0 0.896551724137931 1 1 0.9 0
 0 0.8275862068965518 0 0 0 0.6333333333333333 0 1.033333333333333 1 1 0.9 0
 0 0.7666666666666666 0 0 0 0.7333333333333333 0 0.9000000000000001 1 1 1 0
 0 0.8999999999999999 0 0 0 0.8333333333333333 0 0.9333333333333335 1 1 0.9333333333333333 0
 0 0.7 0 0 0 0.6333333333333333 0 0.8999999999999999 1 1 0.9666666666666666 0
 0 0.6666666666666666 0 0 0 0.5172413793103449 0 1 0.9666666666666668 0 0.9666666666666666 0
 0 0.6666666666666666 0 0 0 0.5333333333333333 0 0.896551724137931 1 0 1 0
 0 0.6 0 0 0 0 0 0.8333333333333333 0 0 0.9333333333333333 0
 0 0.7 0 0 0 0 0 0.9666666666666667 0 0 0.9333333333333333 0
 0 0 0 0 0 0 0 0.8666666666666667 0 0 0 0
 0 0 0 0 0 0 0 0.8666666666666667 0 0 0 0
 0 0 0 0 0 0 0 0.8 0 0 0 0
 0 0 0 0 0 0 0 0.793103448275862 0 0 0 0
 0 0 0 0 0 0 0 0.9666666666666667 0 0 0 0
 0 0 0 0 0 0 0 0.9 0 0 0 0
 0 0 0 0 0 0 0 0.9666666666666668 0 0 0 0
 0 0 0 0 0 0 0 0.9333333333333335 0 0 0 0
 0 0 0 0 0 0 0 0.9333333333333333 0 0 0 0
 0 0 0 0 0 0 0 0.9666666666666668 0 0 0 0
 0 0 0 0 0 0 0 1 0 0 0 0
 0 0 0 0 0 0 0 0.8 0 0 0 0
 0 0 0 0 0 0 0 0.9333333333333335 0 0 0 0
 0 0 0 0 0 0 0 0.9666666666666668 0 0 0 0
 0 0 0 0 0 0 0 0.9310344827586206 0 0 0 0
 0 0 0 0 0 0 0 0.9666666666666668 0 0 0 0
 0 0 0 0 0 0 0 0.9333333333333333 0 0 0 0


