_promediosC =

   0.73333   0.18519   0.34483   0.34483   0.60000   0.55172   0.46667   0.41379   0.51724   0.46667   0.37931   0.14286
   0.60000   0.30000   0.07143   0.32000   0.63333   0.43333   0.53333   0.44828   0.40741   0.33333   0.63333   0.50000
   0.46667   0.30000   0.36667   0.20000   0.63333   0.63333   0.80000   0.33333   0.56667   0.59091   0.62069   0.53333
   0.50000   0.20000   0.70000   0.46667   0.80000   0.70000   0.63333   0.33333   0.36667   0.51724   0.30000   0.73333
   0.63333   0.31034   0.62069   0.41379   0.93333   0.79310   0.93333   0.30000   0.30000   0.63333   0.46667   0.56667
   0.70000   0.46667   0.86667   0.60000   0.96667   0.90000   0.96667   0.36667   0.14815   0.36667   0.60000   0.56667
   0.73333   0.60000   0.93103   0.43333   0.96667   0.86667   0.73333   0.36667   0.10000   0.36667   0.53333   0.76667
   0.50000   0.60000   1.00000   0.46667   1.00000   0.90000   0.90000   0.23333   0.23333   0.41379   0.53333   0.90000
   0.80000   0.73333   0.96552   0.36667   0.93333   0.80000   0.96552   0.13333   0.30000   0.79310   0.56667   0.93333
   0.66667   0.63333   0.96667   0.36667   0.83333   0.68966   0.86667   0.23333   0.55172   0.89655   0.66667   0.93333
   0.86667   0.58621   1.00000   0.31034   0.90000   0.86667   0.89655   0.20000   0.70000   0.90000   0.53333   0.80000
   0.73333   0.46667   1.00000   0.16667   0.86667   0.76667   1.00000   0.46429   0.60714   0.71429   0.70000   0.90000
   0.73333   0.80000   1.00000   0.20000   0.41379   0.70000   0.96667   0.46667   0.63333   0.80000   0.58621   0.86667
   0.80000   0.53333   1.00000   0.60000   0.46667   0.73333   0.93333   0.27586   0.37500   0.66667   0.76667   1.00000
   0.73333   0.55172   1.00000   0.46667   0.43333   0.73333   0.75862   0.50000   0.72414   0.90000   0.60000   0.90000
   0.63333   0.70000   1.00000   0.50000   0.44828   0.70000   0.90000   0.34483   0.76667   0.89655   0.50000   0.96667
   0.43333   0.70000   1.00000   0.41379   0.40000   0.66667   0.73333   0.43333   0.50000   0.96552   0.83333   0.93333
   0.66667   0.70000   1.00000   0.80000   0.26667   0.56667   0.76667   0.36667   0.73333   0.90000   0.73333   1.00000
   0.60000   0.55172   1.00000   0.50000   0.16667   0.72414   1.00000   0.31034   0.73333   1.00000   0.70000   1.00000
   0.73333   0.66667   1.00000   0.53333   0.36667   0.46667   0.93333   0.58621   0.76667   1.00000   0.70000   1.00000
   0.73333   0.66667   0.96552   0.36667   0.48276   0.50000   0.90000   0.46667   0.66667   0.96667   0.75862   0.96667
   0.55172   0.63333   1.00000   0.23333   0.43333   0.63333   0.93333   0.73333   0.72414   1.00000   0.73333   0.89655
   0.50000   0.56667   1.00000   0.20000   0.40000   0.36667   1.00000   0.72414   0.80000   1.00000   0.80000   1.00000
   0.00000   0.51724   0.00000   0.00000   0.00000   0.53333   0.00000   0.60000   0.75862   1.00000   0.83333   0.00000
   0.00000   0.43333   0.00000   0.00000   0.00000   0.40000   0.00000   0.71429   0.93333   1.00000   0.68966   0.00000
   0.00000   0.48276   0.00000   0.00000   0.00000   0.43333   0.00000   0.83333   0.96667   1.00000   0.70000   0.00000
   0.00000   0.50000   0.00000   0.00000   0.00000   0.36667   0.00000   0.73333   0.96667   1.00000   0.93333   0.00000
   0.00000   0.50000   0.00000   0.00000   0.00000   0.46667   0.00000   0.76667   0.90000   1.00000   0.60000   0.00000
   0.00000   0.36667   0.00000   0.00000   0.00000   0.33333   0.00000   0.63333   0.90000   1.00000   0.63333   0.00000
   0.00000   0.33333   0.00000   0.00000   0.00000   0.31034   0.00000   0.83333   0.83333   0.00000   0.60000   0.00000
   0.00000   0.36667   0.00000   0.00000   0.00000   0.26667   0.00000   0.65517   0.83333   0.00000   0.82759   0.00000
   0.00000   0.33333   0.00000   0.00000   0.00000   0.00000   0.00000   0.53333   0.00000   0.00000   0.70000   0.00000
   0.00000   0.33333   0.00000   0.00000   0.00000   0.00000   0.00000   0.73333   0.00000   0.00000   0.63333   0.00000
   0.00000   0.00000   0.00000   0.00000   0.00000   0.00000   0.00000   0.66667   0.00000   0.00000   0.00000   0.00000
   0.00000   0.00000   0.00000   0.00000   0.00000   0.00000   0.00000   0.63333   0.00000   0.00000   0.00000   0.00000
   0.00000   0.00000   0.00000   0.00000   0.00000   0.00000   0.00000   0.63333   0.00000   0.00000   0.00000   0.00000
   0.00000   0.00000   0.00000   0.00000   0.00000   0.00000   0.00000   0.68966   0.00000   0.00000   0.00000   0.00000
   0.00000   0.00000   0.00000   0.00000   0.00000   0.00000   0.00000   0.70000   0.00000   0.00000   0.00000   0.00000
   0.00000   0.00000   0.00000   0.00000   0.00000   0.00000   0.00000   0.80000   0.00000   0.00000   0.00000   0.00000
   0.00000   0.00000   0.00000   0.00000   0.00000   0.00000   0.00000   0.83333   0.00000   0.00000   0.00000   0.00000
   0.00000   0.00000   0.00000   0.00000   0.00000   0.00000   0.00000   0.80000   0.00000   0.00000   0.00000   0.00000
   0.00000   0.00000   0.00000   0.00000   0.00000   0.00000   0.00000   0.70000   0.00000   0.00000   0.00000   0.00000
   0.00000   0.00000   0.00000   0.00000   0.00000   0.00000   0.00000   0.73333   0.00000   0.00000   0.00000   0.00000
   0.00000   0.00000   0.00000   0.00000   0.00000   0.00000   0.00000   0.83333   0.00000   0.00000   0.00000   0.00000
   0.00000   0.00000   0.00000   0.00000   0.00000   0.00000   0.00000   0.60000   0.00000   0.00000   0.00000   0.00000
   0.00000   0.00000   0.00000   0.00000   0.00000   0.00000   0.00000   0.73333   0.00000   0.00000   0.00000   0.00000
   0.00000   0.00000   0.00000   0.00000   0.00000   0.00000   0.00000   0.86667   0.00000   0.00000   0.00000   0.00000
   0.00000   0.00000   0.00000   0.00000   0.00000   0.00000   0.00000   0.68966   0.00000   0.00000   0.00000   0.00000
   0.00000   0.00000   0.00000   0.00000   0.00000   0.00000   0.00000   0.83333   0.00000   0.00000   0.00000   0.00000
   0.00000   0.00000   0.00000   0.00000   0.00000   0.00000   0.00000   0.83333   0.00000   0.00000   0.00000   0.00000

